0
0
0
0
0
0
9418.24
9313.28
8293.12
6439.25
5319.68
5253.97
7888.21
9226.24
11458.56
14725.12
9252.69
10590.72
10463.57
6261.76
9860.27
8526.51
8276.48
6893.23
7726.93
7928.32
5854.72
3506.35
3562.67
3981.65
3531.09
3561.81
2647.04
2789.55
1964.8
1035.73
768.43
394.77
68.99
4.04
0.03
0
0
0.08
0.08
0.08
0.08
0.08
0.08
0.08
0.08
0.08
0.08
0.08
0.03
0.08
0.08
0.05
0
0
0
0
0
0
0
0
0
0
0
0
0
0.03
0.03
0
0
0
0
0
0
0
0
0
0
0.03
0.4
13.47
93.89
256.8
871.04
1027.41
1153.07
1547.09
1490.77
1295.36
1822.29
1666.56
3321.17
4319.57
3200
3569.49
6045.87
7142.4
7496.53
7987.2
6782.29
7517.01
9626.45
9342.29
8059.73
12226.56
15243.95
16158.72
16919.89
10757.12
13668.69
23229.44
14788.27
16399.36
13086.72
14399.15
12586.67
9287.68
6865.92
6166.19
5479.25
4735.15
4550.83
3851.95
3552.43
2712.32
1538.35
936.11
909.65
545.39
155.92
10.04
0.08
0
0
0
0
0
0
0
0
0
0
0
0
0
0
0
0
0
0
0
0
0
0
0
0
0
0
0
0
0
0
0
0
0
0
0
0
0
0
0
0
0
0
0
0.99
20.04
63.97
312.45
1126.72
930.56
1289.81
2682.45
3324.59
2077.01
2703.36
2658.13
5111.47
4019.2
4382.72
6013.44
9939.63
9559.04
10071.89
12925.44
11846.4
0
0
0
0.05
6.04
98.29
314.93
586.88
1151.79
2196.05
3269.12
3396.27
3968.85
4857.17
5450.24
5562.03
5600.43
6580.05
6670.51
7856.64
8988.16
8220.16
7540.05
7365.12
11941.55
13777.07
16339.63
9523.2
12026.88
12890.45
9988.27
6550.19
10355.2
4072.96
2442.13
1659.09
8776.11
17955.84
16353.28
15714.99
5514.24
3580.59
759.39
392.48
589.55
519.89
1062.19
544.96
768.21
527.04
426.77
233.81
161.2
68.64
14.27
0.53
0
0
0
0
0
0
0
0
0
0
0
0
0
0
0
0
0
0
0
0
0
0
0
0
0
0
0
0
0
0
0
0
0
0
0
0
0
0
0
0.77
18.16
115.12
427.25
1140.05
1652.48
1728.85
1579.52
2159.79
3520.85
4254.72
5513.39
4491.95
4304.21
4586.67
4076.37
4412.59
3889.92
4379.73
7183.36
10511.36
10462.72
8550.4
11192.32
13269.33
9192.96
9119.57
15290.03
13666.99
13984.43
19607.89
23521.28
16993.28
16356.69
19288.75
12248.75
2217.81
1873.92
3191.47
6681.6
4035.41
2067.63
1741.23
2182.83
2135.04
1739.52
877.87
753.28
322.61
140.51
17.24
0.45
0
0
0
0
0
0
0
0
0
0
0
0
0
0
0
0
0
0
0
0
0
0
0
0
0
0
0
0
0
0
0
0
0
0
0
0
0
0
0
0
0
0
0
0
0.08
3.66
34.35
100.24
122.24
155.12
153.63
215.89
594.03
768.21
913.6
1075.84
1265.71
1020.8
1096.32
1206.61
1455.57
1522.77
1366.19
1800.32
2144.85
2109.87
3404.8
3455.57
2649.6
5287.25
3263.15
2609.07
3035.31
2202.88
1992.53
1518.51
1208.11
1109.76
603.41
892.37
1008.85
2106.03
1940.05
1227.31
1484.8
1361.07
1128.75
907.09
766.29
543.25
372.16
220.29
99.51
31.21
3.04
0.05
0
0
0
0
0
0
0
0
0
0
0
0
0
0
0
0
0
0
0
0
0
0
0
0
0
0
0
0
0
0
0
0
0
0
0
0
2.84
2.85
2.88
2.99
2.88
2.85
2.8
2.8
3.25
11.51
59.65
197.81
243.79
228.64
364.69
479.89
810.03
1664.43
1944.32
2192.64
3043.84
3053.23
3175.25
3303.25
3547.31
4288.85
4123.31
5149.01
5080.75
4753.92
5194.24
4632.75
4143.79
4706.99
6830.93
7249.07
6163.63
4507.31
5509.12
5940.91
8373.76
9060.69
7987.2
4384.43
3644.59
3433.81
4601.17
4567.89
3477.33
2237.44
3584.85
3073.28
1631.57
1131.31
776.96
455.47
244.69
79
14.43
0
0
0
0
0
0
0
0
0
0
0
0
0.03
2.83
53.45
220.64
443.73
630.19
769.28
780.16
948.05
1716.91
3742.72
4289.71
4394.67
6265.17
7325.87
8174.93
9408
9511.25
11136
12743.68
13870.08
14568.11
14976
15232
16535.89
15858.35
16049.49
15969.28
15557.97
13921.28
14469.12
20548.27
25838.93
22782.29
19235.84
18263.04
16192.85
13136.21
10282.67
5976.75
3829.76
3828.05
3409.07
2833.07
2437.97
2107.31
1778.35
1448.11
1041.49
603.31
219.01
34.51
0.85
0.05
0
0
0
0
0
0.03
0
0
0
0
0
0
0
0
0
0
0
0
0
0
0
0
0
0
0
0
0
0
0
0
0
0
0
0
0
0
0
0
0
0
0
0
0.05
2.03
43.61
167.71
312.59
543.04
895.79
1292.8
1391.36
1756.16
2529.28
3367.25
3605.33
3844.27
4486.83
5165.23
6961.49
6302.72
6423.04
5019.31
5285.55
5430.61
5381.12
6287.36
7415.47
8501.76
8317.44
8586.24
7100.59
7284.05
8835.41
8350.72
7301.12
6245.55
5214.72
5114.88
5492.05
5665.28
5243.73
4258.13
3915.95
4037.12
3927.04
2781.44
2259.63
1990.83
1618.35
1299.63
1039.15
800.85
216.99
22.2
0.56
0
0
0
0
0
0
0
0
0
0
0
0
0
0
0
0
0
0
0
0
0
0
0
0
0
0
0
0
0
0
0
0
0
0
0
0
0
0
0
0
0
0
0
0
2.41
44.67
243.73
671.04
1302.19
1984
2417.92
3678.72
4320.43
4651.52
4689.92
3703.47
4897.28
6358.19
8177.49
7426.56
11104.43
8849.92
7608.32
7190.19
10784.43
9559.04
10156.37
12445.01
12793.17
12083.2
11106.99
11728.21
10059.09
15339.52
19208.53
8970.24
6849.71
6181.55
4672.85
6831.79
8083.63
7270.4
6676.48
6672.21
5911.04
4549.12
4253.87
3446.61
2975.57
2245.97
1657.17
1105.92
544.11
195.31
31.41
0.72
0
0
0
0
0
0
0
0
0
0
0
0
0
0
0
0
0
0
0
0
0
0
0
0
0
0
0
0
0
0
0
0
0
0
0
0
0
0
0
0
0
0
0
0
2.22
50.49
259.12
643.52
1076.69
1554.99
2570.24
1833.81
2559.15
3554.99
4662.61
5536.43
4478.29
4311.04
7968.43
8948.91
10176
8399.36
10573.65
12540.59
11810.13
12284.59
15539.2
13230.08
15515.31
14998.19
15636.48
14168.75
13190.83
14569.81
21323.09
21326.51
22321.49
18955.95
16689.49
12098.56
12340.91
8354.13
6417.92
5067.09
4586.67
4452.69
4107.09
3196.59
2621.87
2017.71
1545.39
1034.88
532.16
178.45
21.57
0.53
0
0
0
0
0
0
0
0
0
0
0
0
0
0
0
0
0
0
0
0
0
0
0
0
0
0
0
0
0
0
0
0
0
0
0
0
0
0
0
0
0
0
0
0
2.33
65.5
317.17
804.91
1536.43
2555.73
3118.93
3071.15
3545.6
4622.51
5893.97
6941.87
7185.92
7486.29
8166.4
9256.96
10073.6
11111.25
9804.8
13921.28
14842.88
14708.05
15481.17
15056.21
16037.55
15737.17
15382.19
14661.97
14080
15370.24
22970.03
24893.44
24422.4
11030.19
13555.2
7309.65
1098.03
451.36
1765.76
2678.61
2814.29
2943.15
3509.76
2960.21
2130.35
1744.21
1323.52
804.69
422.4
166.16
19.9
0.37
0
0
0
0
0
0
0
0
0
0
0
0
0
0
0
0
0
0
0
0
0
0
0
0
0
0
0
0
0
0
0
0
0
0
0
0
0
0
0
0
0
0
0
0
0.75
24.26
125.41
655.57
1410.35
1585.07
1997.65
2678.19
3863.89
4957.01
5674.67
5403.31
5285.55
9650.35
9796.27
10230.61
10264.75
11588.27
12690.77
13815.47
14460.59
14784.85
16535.89
9876.48
14559.57
15592.11
15170.56
11819.52
14380.37
15945.39
10664.96
27037.01
11281.92
7011.84
6053.55
2927.36
708.59
311.47
233.65
515.09
1435.73
1722.03
1045.55
574.83
419.84
376
331.95
236.03
114.45
15.26
1.09
0
0
0
0
0
0
0
0
0
0
0
0
0
0
0
0
0
0
0
0
0
0
0
0
0
0
0
0
0
0
0
0
0
0
0
0
0
0
0
0
0
0
0
0
0
1.57
34.97
130.96
349.23
490.13
993.07
1762.13
1994.67
1552.64
788.69
861.01
1616.21
2750.29
4033.71
8584.53
12929.71
6150.83
2090.67
2398.72
3029.33
1708.8
1118.51
792.32
800.64
924.59
1191.47
763.52
1142.61
1289.17
2077.87
3596.37
7539.2
10543.79
